           4          12        2017          22          30
      10.8611      10.8611      10.8611      10.8611      10.8611      10.8611
      10.8611      10.8611      10.8611      10.8611      10.8611      10.8611
      10.8611      10.8611      10.8611      10.8611      10.8611      10.8611
      10.8611      10.8611
      10.4444      10.2882      10.2824      10.3410      10.2702      10.2338
      10.3156      10.4497      10.6436      10.8886      11.0856      11.3322
      11.4203      11.4923      11.5402      11.5561      11.5083      11.3453
      11.0590      10.7248
      10.0277      9.71537      9.70377      9.82089      9.67924      9.60645
      9.77012      10.0383      10.4262      10.9162      11.3100      11.8033
      11.9796      12.1235      12.2194      12.2510      12.1555      11.8294
      11.2570      10.5886
      9.68307      9.20683      9.22710      9.17777      8.59944      8.39036
      8.83763      9.53005      10.2081      11.0578      11.6791      11.8078
      11.6626      11.3958      11.5511      11.7547      11.8922      11.8643
      11.4125      10.5017
      9.55169      8.82232      8.79714      8.52030      7.45198      7.29598
      8.01653      9.06097      10.1201      11.0981      11.8593      11.3382
      10.7099      10.6702      11.0104      11.2372      11.4657      11.6225
      11.6391      10.9742
      9.92185      8.61164      8.43861      8.04203      6.88857      6.76698
      7.44854      8.54571      9.78502      11.6955      11.6982      10.4167
      9.74569      9.71517      9.93263      10.1593      10.4472      10.8666
      11.2932      11.0846
      10.3434      8.58000      8.14818      7.71776      6.71944      6.69006
      7.00314      8.19836      9.84394      11.9105      10.7777      9.43038
      9.07446      9.19482      9.36175      9.28350      9.29412      9.64687
      10.4215      11.0504
      10.7615      8.86295      8.00349      7.45646      6.72876      6.93755
      7.30867      8.42124      10.3844      11.8023      9.81470      8.95788
      9.15532      9.87993      10.2566      9.76689      8.79382      8.50894
      9.23397      10.5473
      10.8678      9.51149      8.00504      7.30355      6.94268      7.48747
      8.07485      9.14843      11.3143      11.2475      9.12439      9.06588
      9.99265      11.0371      11.1696      10.6334      9.22099      7.94611
      8.05373      9.47619
      10.1704      10.2621      8.17388      7.42349      7.57953      8.42212
      9.24227      10.1425      11.9043      10.6842      9.05370      9.58886
      10.8870      11.5494      11.6552      11.0319      9.52279      7.96539
      7.26914      8.21224
      9.02833      10.4326      8.44447      7.74951      8.56426      9.64396
      10.4016      11.1709      12.2801      10.2025      9.28534      10.4328
      11.3064      11.8376      12.1629      11.6652      10.0404      8.29571
      7.24112      7.18783
      7.84873      9.97770      8.94999      7.99571      9.38814      10.5685
      11.2143      12.0913      12.1617      9.97754      9.73326      10.8242
      11.4822      12.1334      12.4825      11.9432      10.2644      8.41156
      7.39233      6.78862
      6.88060      9.03307      9.71015      7.98652      9.52818      10.8082
      11.4915      12.2592      11.3851      9.72362      10.1350      10.9842
      11.6499      12.3233      12.5992      12.3225      10.5848      8.58194
      7.49016      6.77128
      6.54056      7.69567      9.87178      8.19723      8.96155      10.4904
      11.0369      11.4121      10.5386      9.59356      10.3979      11.1010
      11.8993      12.3733      12.7544      12.5419      10.7344      8.59126
      7.50917      6.85616
      6.55430      6.72010      8.98680      8.29828      8.50824      9.67084
      10.2081      10.2823      9.75961      9.65804      10.5909      11.4301
      12.0013      12.5183      12.9093      12.7154      10.8467      8.54523
      7.44029      6.87729
      6.61696      6.40658      7.78822      8.46409      8.34846      8.91115
      9.26954      9.42572      9.12212      9.86583      10.7234      11.6756
      12.2589      12.7208      12.7344      12.0994      10.7140      9.30974
      8.53371      6.83278
      6.64074      6.51111      6.92584      8.45366      8.47413      8.72249
      8.74206      8.65675      8.87105      10.0437      11.0813      11.8507
      12.5109      12.6844      12.8101      12.2783      10.9417      9.27527
      8.57615      8.28281
      6.60851      6.59821      6.55980      7.62146      8.15719      8.43525
      8.01174      7.94106      8.88832      10.1229      11.3158      12.1525
      12.6854      12.7767      12.9006      12.4310      11.1586      9.31943
      8.61877      8.36166
      8.31944      6.62104      6.61865      6.86131      7.57645      7.77124
      7.18330      7.54569      8.98487      10.5712      11.6186      12.4202
      12.5686      12.8804      13.1805      12.8136      11.2721      9.36730
      8.69327      8.43117
      8.43650      8.28282      6.66349      6.59231      6.93577      7.02916
      6.57876      7.40357      9.26154      10.8998      12.0258      12.3362
      12.7077      12.9808      13.3290      12.9774      11.4269      9.50131
      8.87061      8.56736
      8.58348      8.44889      6.72554      6.62290      6.58016      6.60153
      6.28118      7.47808      9.60391      11.3526      12.3764      12.5703
      12.8437      13.5309      13.7924      13.7754      11.7062      9.65265
      9.05585      8.76967
      8.69212      8.56896      8.45337      6.66236      6.54702      6.43652
      6.24651      7.66096      10.0144      11.8836      12.6211      12.7538
      13.4544      13.9237      14.2899      14.8851      12.3218      10.0341
      9.30375      8.92966
      8.95175      8.74837      8.62178      6.76660      6.58609      6.50153
      6.35852      7.98463      10.5712      12.4535      12.8427      12.9262
      13.6514      14.3530      15.3736      15.5960      12.7838      10.6938
      9.80635      9.25279
      9.19187      8.90766      8.72740      8.62059      6.63988      6.61180
      6.53493      8.35239      11.1878      12.8925      13.0648      13.6739
      14.3641      14.9598      16.8349      16.5644      13.7284      11.4991
      10.6638      9.68838
      9.34516      9.14167      8.90671      8.71766      8.52828      6.71402
      6.69072      8.74614      12.2652      13.1123      13.2703      13.9061
      14.8006      16.4691      17.9779      17.4901      14.6052      12.4521
      11.8314      10.3490
      9.92369      9.36317      9.11218      8.80499      8.60910      8.64952
      6.77042      9.92800      12.4770      13.3395      14.1846      14.7521
      15.8741      18.0527      19.2381      18.8096      15.9339      13.4346
      12.8438      11.2591
      10.6309      9.57195      9.29174      9.07067      8.68683      8.83145
      8.63223      10.4068      12.6819      13.9198      14.8055      15.3064
      17.1918      19.3285      20.5773      20.1110      17.2663      14.4284
      13.7570      12.4368
      11.6446      10.2667      9.52537      9.20930      8.84755      9.02760
      8.82944      10.6466      13.1608      14.8052      15.4453      16.5048
      18.8734      20.5721      22.0091      21.8029      19.0041      15.5270
      14.6626      13.3145
      12.7712      10.9593      9.97399      9.51443      9.02841      9.27949
      9.12796      10.9834      13.6117      15.2162      16.3053      18.0536
      20.2723      21.8686      23.7131      24.1705      21.4640      17.3090
      15.7140      14.0856
      14.3382      12.2429      10.2222      9.75691      9.23500      9.48829
      9.56715      11.2775      14.2314      16.1013      17.6584      19.5544
      21.6603      23.2613      26.3905      27.3855      24.7843      19.8463
      17.7359      14.5178
      17.4119      15.1935      10.5189      10.1051      9.51320      9.63613
      9.82045      11.8456      14.6945      16.9144      19.1219      20.7418
      23.0848      25.5185      29.8935      31.2021      28.8279      23.4048
      20.3494      15.9722
      20.5079      18.1235      11.1825      10.5093      9.85495      9.84754
      10.1436      12.2058      15.4674      17.7645      20.1361      21.8607
      24.7074      28.6386      33.8941      35.0742      32.9227      27.5267
      23.7114      18.8804
      27.4412      19.2084      11.6653      10.9842      10.2926      9.92731
      10.2911      12.6999      16.0876      18.4579      21.0957      23.0024
      26.9042      32.7482      37.9039      38.7365      36.7223      31.4625
      27.2135      22.7517
      38.4888      21.5640      12.1043      11.4139      10.7668      9.98472
      10.4384      13.1893      16.6853      19.0671      22.0028      24.4234
      29.8180      37.3022      41.3073      42.1381      39.8502      34.1185
      30.1962      26.4992
      56.6787      24.4537      12.5808      11.7987      11.1935      10.0515
      10.1268      14.0328      17.2114      19.6541      22.8333      26.1058
      33.5038      41.4528      44.0294      44.7596      42.0020      35.5626
      32.0613      29.1282
      57.8811      25.8992      13.9789      12.2374      11.6273      10.2432
      10.0407      14.5227      17.6858      20.1997      23.8793      28.4285
      37.8323      44.2012      46.0501      46.2015      43.1726      35.6386
      32.3541      30.1110
      51.7442      27.3727      15.9339      13.1981      12.0107      10.4900
      10.0757      14.7604      18.0834      20.8679      25.1660      31.5508
      41.4823      45.8124      47.3691      46.9672      43.6108      35.2759
      31.9261      30.0870
      47.9112      28.6934      18.1263      14.9495      12.5982      10.7784
      10.2464      15.0834      18.5627      21.7853      27.0053      35.3297
      43.7607      46.6566      48.2976      47.6351      44.2382      35.0283
      31.5905      29.5945
      45.0673      29.4827      20.3448      16.9244      13.9396      11.5613
      10.6518      15.7301      19.3672      23.1576      29.6644      39.0307
      44.7103      47.2203      49.2575      48.5929      45.3842      35.2496
      31.3302      29.1010
      42.8092      29.5629      22.3704      18.8522      15.7473      13.1527
      11.7291      17.0267      20.5885      25.1036      32.9924      41.5795
      45.0459      47.8254      50.2070      49.8893      47.0399      35.8272
      31.2490      29.2974
      41.1015      29.2924      23.7470      20.8149      17.4206      15.0508
      13.3548      18.8294      22.3173      27.7139      36.7206      42.7211
      45.1505      48.5062      51.3958      51.6456      49.1879      36.6047
      31.2437      29.9708
      39.3959      29.0982      24.2542      22.4998      19.0098      16.6829
      15.0644      20.5682      24.5003      30.8781      39.7663      42.8884
      45.2403      48.9276      52.6320      53.3241      50.8069      37.5518
      31.3525      31.0894
      38.1848      28.8712      24.5613      23.5766      20.6172      18.2219
      16.7162      22.4697      27.3616      34.2033      41.6383      42.6938
      45.2399      49.0995      53.2401      54.0065      51.4162      38.2534
      31.7227      33.1277
      38.5322      28.6995      25.0296      24.0845      22.2866      19.9471
      18.6451      24.8411      30.7235      37.1761      41.8846      42.2151
      44.9933      49.0076      53.2655      53.8818      51.5548      38.8964
      32.2584      34.1689
      40.6554      29.4032      25.7632      24.3538      23.6457      21.8416
      21.1021      27.8571      33.9617      39.1539      40.9093      41.9267
      44.5024      49.1098      52.9640      53.5254      51.5555      39.8975
      33.2317      34.8105
      42.6988      32.1259      26.7202      24.7402      24.6131      23.7045
      23.8246      31.1936      36.2833      39.6751      40.3260      41.5435
      44.2444      49.1639      52.8276      53.5125      51.8901      41.3318
      34.6918      35.4464
      46.3383      36.5502      29.2840      25.4717      25.1298      24.9081
      26.0819      33.6089      37.5269      39.1459      40.0393      40.8671
      44.3411      49.5162      53.3154      54.0776      52.7866      43.5224
      37.4867      37.4869
      52.1410      41.1345      34.7701      26.6236      25.4486      24.9934
      26.6799      34.4897      38.3009      38.7810      39.3135      40.6079
      44.7991      50.6526      54.3331      54.9783      54.0415      46.2755
      42.0183      42.3514
      59.6418      47.0148      40.8612      30.2306      25.9668      24.6105
      26.0408      34.7242      38.7562      38.3742      38.5239      40.7643
      45.8345      52.1589      55.6277      55.6679      54.4969      48.2911
      46.9155      47.9679
      65.9051      53.1798      46.6082      35.1188      27.6194      24.5242
      25.4432      35.0012      39.4014      37.4748      38.2343      41.3334
      47.3293      53.4522      56.2592      55.3027      53.2188      47.9973
      48.6969      51.4301
      69.5331      58.3095      51.3521      38.8272      30.5963      25.3084
      25.3727      35.3918      39.6885      36.8601      38.2583      42.3241
      48.6580      53.8876      55.5503      53.4698      50.5019      46.1842
      48.0121      51.4159
      72.0486      61.0361      53.4040      41.6439      33.1258      26.6843
      25.9379      36.4749      40.1253      36.4116      38.5672      43.3252
      49.4647      52.9645      53.2439      50.6050      47.4492      44.2917
      46.5138      48.4475
      75.8981      60.3035      53.1258      43.3169      35.1040      27.9824
      27.0331      37.6419      39.9930      36.2084      38.9792      43.9549
      49.1791      50.8129      50.0911      47.4040      44.4288      42.4233
      44.3596      44.1436
      85.0305      56.5442      50.5994      44.1220      36.1440      29.0917
      28.1607      38.2722      39.5345      36.0770      39.1682      43.9297
      48.0902      48.1892      46.6095      44.5068      41.6358      39.7036
      41.8558      40.1592
      104.940      51.9938      47.0566      44.0692      36.6919      29.9840
      28.8822      38.0980      38.6864      35.8700      39.2017      43.5751
      46.5356      45.3588      43.8263      41.5755      38.9622      37.6803
      39.9422      36.1973
      127.555      47.8002      43.3041      43.3580      36.6529      30.4519
      29.1208      37.1285      37.3263      35.6753      39.2840      42.8634
      44.6368      43.0285      41.0777      38.5464      35.7960      34.9223
      38.0399      33.5880
      97.6494      41.7606      39.6659      42.2983      36.3274      30.2689
      28.6918      35.3605      35.6642      35.4398      39.2663      41.8344
      42.4611      40.5866      38.1223      35.6064      33.6313      33.0852
      35.5686      32.0077
      74.0984      32.2813      36.1693      40.7325      35.9779      29.5619
      27.5690      33.2333      33.8650      35.0079      38.8076      40.3896
      40.6350      37.9150      35.2018      32.9060      31.1665      30.5937
      32.9600      30.4205
      55.1809      28.1054      32.6121      38.3016      35.6068      28.7966
      26.1204      31.0324      31.9931      34.2262      37.9703      38.7164
      38.4568      34.8854      31.9179      30.3601      29.5833      28.9934
      30.2809      28.6380
      43.3536      26.6738      29.4852      34.4741      34.4542      28.1840
      24.6491      28.7450      30.1464      33.0926      36.7626      37.1176
      35.5361      31.2479      28.5372      27.5327      27.5671      26.9099
      27.5985      26.6932
      34.3098      23.1487      27.0505      29.8140      31.9514      27.0463
      23.0988      26.4989      28.3372      31.6832      35.5118      35.0421
      31.6804      28.2850      26.4516      25.9156      25.7910      24.9857
      24.2242      23.8466
      23.7091      20.1893      25.4304      25.3751      28.1902      24.4946
      21.0886      24.2131      26.7154      30.1540      33.8819      31.6924
      28.5042      26.2160      25.4973      25.1315      25.0952      23.9070
      22.3875      21.8758
      20.5606      19.0689      24.0643      23.0952      24.3758      20.8775
      18.9408      22.3065      25.2537      29.0023      31.3630      28.3743
      26.2332      25.2959      24.5439      24.4324      24.4003      23.1025
      21.3130      20.5780
      20.0165      19.6654      23.0480      21.9096      21.9543      17.7689
      17.0900      20.9964      24.4357      27.7555      27.8977      25.6908
      24.7788      24.0075      23.8298      23.8376      23.7412      22.3305
      20.4542      19.3803
      19.4698      20.4542      21.2655      20.7743      20.4147      16.2731
      15.8523      20.4945      23.6649      26.0767      25.2588      24.0176
      23.4731      23.3850      23.1825      23.4563      22.8961      21.7693
      19.7064      18.6162
      19.1479      20.4602      20.1510      19.8609      18.7829      15.4111
      15.4446      20.2109      22.8932      23.8124      23.2271      23.0986
      22.5689      22.2998      22.9337      23.1400      23.7037      21.2775
      19.2650      17.7957
      18.3633      20.2865      19.4630      18.1654      17.5441      14.5313
      15.3644      19.9417      22.0487      22.1473      21.9123      21.9325
      21.5741      22.0095      22.6974      23.8461      23.2141      22.1737
      19.0200      17.5451
      18.2737      20.0513      19.3340      17.1842      16.6024      14.1615
      15.7903      19.5626      20.8493      20.9556      21.2933      20.8592
      20.8471      21.6976      23.7412      23.2443      22.5562      21.7165
      18.7802      17.3223
      18.1557      19.1220      18.8887      17.0639      15.6398      14.1977
      16.5150      19.1185      19.9626      20.2972      20.3710      20.2166
      20.4934      23.2125      23.1315      22.5078      21.7704      21.1832
      18.5855      16.7952
      17.9785      18.7918      17.9720      16.8271      15.3670      14.6894
      16.6033      18.6096      19.1498      19.5117      19.4700      19.5687
      19.8071      22.6632      22.1485      21.4774      20.9933      20.4072
      18.2570      16.4525
      15.2507      18.3474      17.2081      16.5026      15.4056      15.1242
      16.9423      17.8310      18.6088      19.1271      19.1108      19.1742
      21.3641      21.6146      20.9348      20.6277      20.2086      20.0421
      17.7761      16.1896
      14.7230      17.3018      16.7983      15.5513      15.1262      15.2292
      16.9083      17.1706      18.0345      18.4529      18.6385      18.5263
      20.7060      20.2312      19.9776      19.5895      19.5440      19.5108
      17.1159      15.2204
      13.8169      13.7157      16.2843      15.3296      15.0174      15.1987
      16.4144      16.5387      17.4683      18.0489      18.2657      19.6579
      19.7565      19.2658      18.8620      18.7848      19.1778      18.6448
      15.7474      14.1261
      12.5527      12.9687      12.8158      15.0453      14.4609      14.8293
      15.4813      16.1397      16.9429      17.7962      19.0951      19.1140
      18.5404      18.0965      18.0049      18.2020      18.9757      16.9936
      13.6490      12.1435
      11.4432      12.0943      11.9632      14.6994      14.1622      14.1892
      14.8099      15.7645      16.6959      17.4666      18.3601      18.1571
      17.5979      17.2240      17.1299      18.4295      18.2055      15.3245
      12.9482      11.3560
      10.7740      11.2643      11.3285      10.6876      13.8071      13.4677
      14.5464      15.4835      16.4539      17.0772      17.4253      17.0776
      16.4009      16.3717      16.8325      18.5205      17.6332      15.4197
      13.8177      11.7341
      11.5603      10.6624      10.7071      10.2107      9.68301      10.5637
      12.7007      14.1550      15.4153      16.1875      16.4498      16.2404
      15.7952      15.7086      17.2437      18.8021      18.1011      16.7654
      14.7448      12.5684
      12.3916      11.0484      10.3760      9.80047      9.40568      10.3624
      12.2836      13.5218      14.6615      15.3244      15.5602      15.3056
      15.0685      15.4993      17.7521      19.4941      18.9986      18.1820
      15.3479      13.0895
      12.8600      12.0190      10.5702      9.60367      9.21827      10.3824
      11.9934      13.0435      13.9995      14.4954      14.7731      14.6971
      14.5621      15.7784      18.4291      20.4305      19.7244      18.7665
      15.4389      13.2653
      13.4377      12.7676      11.4584      9.87023      9.30382      10.3940
      11.6745      12.5976      13.5045      13.9749      14.1354      14.1165
      14.3712      16.1674      19.0429      20.4809      19.6563      18.6775
      15.4090      13.5160
      14.5710      13.5688      12.3770      10.9066      9.83929      10.7011
      11.6935      12.4644      13.1895      13.5425      13.7235      13.8181
      14.4018      16.3482      19.4838      19.7533      19.1068      18.0687
      15.2232      13.9115
      15.8083      14.4579      13.3096      11.9910      11.0676      11.2160
      11.7816      12.3904      13.1032      13.4124      13.5681      13.9051
      14.7055      16.6952      19.2693      18.8898      18.1800      17.0093
      14.7957      14.4410
      16.7581      15.7231      14.4316      13.1978      12.3046      12.0860
      12.2507      12.6881      13.2117      13.4626      13.8057      14.4202
      15.5797      17.3406      18.7950      17.8562      16.9978      16.0672
      14.3025      15.0062
      17.4298      17.2030      15.7982      14.4644      13.5903      12.9162
      12.7562      12.9482      13.4146      13.8212      14.3888      15.3264
      16.6405      17.9405      18.2111      16.8024      15.9527      15.5485
      14.1910      15.5036
      17.8819      18.0038      17.2855      15.8359      14.7985      13.9063
      13.5175      13.5268      13.9897      14.4568      15.0899      16.2070
      17.5329      18.0816      17.5636      16.1735      15.3612      15.1934
      14.1534      15.6784
      18.0206      18.5427      18.7841      17.1483      15.9068      15.0196
      14.4909      14.3496      14.7674      15.2467      16.1011      17.1944
      18.0256      17.9619      17.1103      15.9938      14.9941      14.4691
      13.9620      15.5201
      17.9465      18.6887      19.5859      18.6453      17.2097      16.1507
      15.5484      15.3179      15.7542      16.4327      17.1884      17.9816
      18.1600      17.7756      17.0579      15.8967      14.8879      14.1654
      13.9302      15.5311
      17.8522      18.5242      19.6698      19.4882      18.6916      17.6862
      17.0870      16.8023      17.1090      17.6287      18.1021      18.3188
      18.1573      17.7118      17.0532      16.1514      15.2381      14.6440
      14.9088      15.9595
      17.8566      18.3432      19.2329      19.3670      19.3040      19.0009
      18.5291      18.1686      18.2001      18.3140      18.3914      18.3305
      18.1405      17.6994      17.2477      16.7450      16.4085      16.2805
      16.3672      16.7179
      17.8944      18.1377      18.5826      18.6496      18.6181      18.4666
      18.2307      18.0504      18.0662      18.1231      18.1618      18.1314
      18.0364      17.8158      17.5899      17.3386      17.1703      17.1064
      17.1497      17.3251
      17.9323      17.9323      17.9323      17.9323      17.9323      17.9323
      17.9323      17.9323      17.9323      17.9323      17.9323      17.9323
      17.9323      17.9323      17.9323      17.9323      17.9323      17.9323
      17.9323      17.9323
